32.15
26.9
28.89
29.70
39.24
41.02
37.17
38.74
39.69
36.31
34.58
33.00
25.69
33.66
33.31
32.73
40.34
40.28
39.85
39.3
41.48
40.97
41.24
30.77
42.58
33.44
32.41
33.69
34.01
34.11
34.29
34.36
32.76
32.64
23.40
29.53
27.68
29.86
27.30
40.52
40.23
39.52
38.19
25.55
26.48
34.85
37.06
26.75
25.59
37.55
29.83
36.75
37.36
37.78
38.09
29.22
39.05
28.19
28.59
29.55
25.09
29.61
37.55
39.10
39.59
40.09
38.51
32.31
32.87
36.86
38.09
41.71
38.95
31.65
38.62
38.93
69.70
38.33
34.63
39.91
30.80
41.17
41.18
40.90
40.80
41.71
36.02
29.95
38.18
34.63
37.61
37.83
30.45
30.83
37.27
36.98
31.19
38.08
42.57
35.42
32.46
34.00
30.53
29.34
29.45
30.27
33.72
37.46
39.93
35.31
36.45
29.76
34.29
41.88
69.70
37.63
37.15
37.56
41.4
40.58
37.20
34.95
35.56
31.19
39.62
39.34
36.93
37.66
38.33
38.48
38.61
38.58
38.16
36.92
34.38
38.21
34.00
32.89
32.92
33.15
31.65
33.26
34.27
36.44
37.45
36.22
37.77
38.59
38.20
38.05
37.85
38.3
33.58
33.12
33.15
32.22
33.76
33.19
33.2
32.29
36.93
37.67
38.43
39.07
37.57
38.86
33.81
33.15
34.1
34.11
33.71
33.83
33.99
36.44
34.37
38.16
34.01
37.45
32.72
38.57
38.04
38.22
38.66
30.99
32.47
35.62
38.23
38.42
30.27
38.11
37.95
30.85
40.49
38.39
39.44
37.00
38.37
38.37
38.32
38.63
42.71
38.99
32.78
29.65
32.33
32.68
37.76
39.46
40.35
38.91
37.61
40.41
39.03
38.17
38.06
39.33
34.83
32.71
32.65
30.79
29.46
29.79
26.44
41.24
29.09
37.80
38.19
37.72
38.07
39.18
38.40
38.18
39.13
30.68
38.83
31.17
29.45
28.33
29.18
32.14
36.86
38.28
39.76
38.66
38.59
41.74
38.57
36.65
37.18
40.21
38.72
39.39
38.64
37.94
36.89
37.78
27.48
29.41
28.95
29.61
33.89
30.12
30.41
31.48
33.13
31.65
30.70
33.81
25.67
36.69
27.44
38.60
39.00
39.07
30.58
30.02
38.84
38.76
30.17
37.87
39.00
38.54
37.27
38.94
38.88
38.01
37.95
38.45
39.00
38.26
38.14
28.60
32.64
30.15
31.03
31.26
30.36
32.40
42.91
42.77
27.98
41.33
42.29
41.48
42.35
43.12
41.76
42.51
42.33
42.34
41.25
29.78
43.02
36.03
32.22
38.87
38.53
38.30
34.97
34.74
34.87
44.53
30.73
33.40
33.60
40.66
41.55
31.36
36.72
36.12
41.00
40.61
38.49
27.33
37.85
39.06
38.00
29.53
37.31
39.72
29.48
33.96
37.43
34.51
38.19
28.45
32.71
30.43
36.67
35.81
33.54
31.86
32.64
40.43
38.78
39.75
39.55
38.88
36.80
35.42
35.39
34.74
33.84
39.74
38.66
39.50
35.42
37.05
38.98
39.07
39.14
36.10
37.64
35.47
38.36
37.51
30.43
35.75
39.25
30.71
31.08
30.55
29.73
31.73
36.25
36.97
38.25
36.90
35.82
29.70
29.66
30.88
37.26
38.26
40.46
38.37
38.83
33.09
30.55
30.33
41.81
31.24
37.10
38.61
37.60
30.77
42.97
44.23
44.94
42.50
34.78
41.28
34.74
35.55
39.98
41.59
41.47
40.79
42.07
39.11
36.82
37.8
34.51
39.17
40.54
40.40
40.41
39.91
39.52
37.21
39.77
40.42
39.36
34.78
33.29
41.32
41.35
35.42
42.27
40.37
40.07
39.94
39.08
39.43
26.92
36.09
40.11
39.20
39.15
38.96
35.41
38.22
30.70
29.56
36.72
38.81
34.40
39.53
39.43
31.25
29.89
32.84
40.02
30.41
34.75
40.36
32.29
32.27
40.21
36.16
29.09
28.78
29.97
27.45
27.56
28.23
29.34
33.65
40.14
25.23
25.25
25.83
27.78
40.90
40.85
40.11
37.74
40.76
39.05
28.04
39.69
39.82
39.42
38.93
40.47
39.53
39.68
41.79
35.28
44.41
32.85
26.85
36.70
37,57
36.92
36.54
36.26
36.99
37.95
38.93
36,49
35.07
37.76
37.81
36.51
32.94
33.56
31.93
37.32
39.01
38.25
38.3.2
35.30
37.91
36.68
37.99
38.29
38.07
35.95
33.88
40.02
41.40
30.48
25.21
32.05
42.04
40.37
31.21
31.05
38.06
39.01
33.21
36.73
37.76
36.63
37.80
37.12
37.22
29.08
27.92
29.47
28.51
37.55
37.42
37.66
35.72
40.96
38.16
28.78
28.40
27.13
28.56
40.58
42.18
43.62
43.09
39.73
42.48
39.56
40.64
36.87
39.54
38.83
69.70
32.51
33.24
39.82
41.11
26.61
30.05
28.49
29.79
27.80
37.60
38.50
38.20
40.09
39.26
36.07
28.12
39.76
40.28
39.08
39.06
35.77
31.32
37.79
27.4
23.73
38.08
36.04
28.08
29.89
28.69
31.16
28.06
40.44
30.87
39.80
39.58
28.68
31.18
28.69
32.56
30.02
34.35
29.08
28.29
27.77
28.22
43.36
28.88
31.82
32.27
31.81
31.54
30.69
30.55
31.57
31.4
28.05
26.34
38.51
37.24
34.93
36.61
29.35
33.89

